10
40
59
(1, 2)/ (10, 3)
(0, 2)/ (11, 5)
(3, 4)/ (12, 8)
(2, 4)/ (13, 9)
(5, 10)/ (14, 5)
(4, 10)/ (15, 3)
(7, 4)/ (16, 2)
(6, 4)/ (17, 4)
(9, 12)/ (18, 9)
(8, 12)/ (19, 15)
(0, 3)/ (20, 24)
(12, 8)
(11, 8)/ (2, 8)
(3, 4)/ (23, 1)
(4, 5)/ (24, 12)
(5, 3)
(6, 2)/ (26, 3)
(7, 4)/ (18, 7)
(8, 9)/ (17, 7)/ (28, 10)
(9, 15)/ (29, 17)
(10, 24)/ (30, 5)
(31, 10)
(23, 4)/ (32, 11)
(13, 1)/ (22, 4)
(14, 12)/ (25, 6)
(24, 6)/ (26, 8)
(25, 8)/ (16, 3)
(28, 2)/ (37, 3)
(18, 10)/ (27, 2)
(19, 17)/ (39, 8)
(20, 5)/ (40, 7)
(21, 10)/ (42, 11)
(22, 11)/ (33, 12)
(32, 12)/ (43, 14)
(35, 7)/ (44, 5)
(34, 7)/ (36, 8)
(35, 8)/ (37, 9)
(36, 9)/ (27, 3)
(39, 7)/ (48, 10)
(29, 8)/ (38, 7)/ (49, 4)
(30, 7)/ (41, 12)
(31, 11)/ (40, 12)/ (51, 13)
(52, 4)
(33, 14)/ (44, 13)
(34, 5)/ (43, 13)
(55, 8)
(47, 9)/ (56, 11)
(46, 9)/ (48, 13)
(38, 10)/ (47, 13)
(39, 4)
(51, 3)/ (60, 5)
(41, 13)/ (50, 3)
(42, 4)/ (62, 3)/ (53, 5)
(52, 5)/ (63, 7)
(64, 7)
(45, 8)/ (56, 7)/ (65, 10)
(46, 11)/ (55, 7)
(58, 13)
(57, 13)/ (68, 10)
(69, 8)
(50, 5)/ (61, 7)/ (70, 8)
(60, 7)/ (71, 11)
(52, 3)/ (72, 5)
(53, 7)/ (64, 11)
(54, 7)/ (63, 11)
(55, 10)/ (66, 8)
(65, 8)/ (67, 9)
(66, 9)/ (77, 13)
(58, 10)/ (78, 6)
(59, 8)/ (79, 5)
(60, 8)
(61, 11)/ (72, 9)
(62, 5)/ (82, 7)/ (71, 9)
(74, 12)/ (83, 10)
(73, 12)/ (84, 9)
(76, 5)/ (85, 8)
(75, 5)
(67, 13)/ (87, 11)
(68, 6)/ (88, 8)
(69, 5)/ (89, 3)
(90, 7)
(91, 4)
(72, 7)/ (92, 10)
(73, 10)
(74, 9)/ (94, 11)
(75, 8)/ (86, 6)
(85, 6)/ (87, 8)/ (96, 9)
(77, 11)/ (86, 4)
(78, 8)/ (89, 2)
(79, 3)/ (88, 2)/ (99, 4)
(80, 7)
(81, 4)/ (92, 13)
(82, 10)/ (91, 13)/ (93, 11)
(92, 11)/ (94, 14)
(84, 11)/ (93, 14)
(96, 7)
(86, 9)/ (95, 7)/ (97, 6)
(96, 6)/ (98, 8)
(97, 8)/ (99, 5)
(89, 4)/ (98, 5)